- !<Matter/e969034d-f0a8-466e-b5fb-99367521b5c2>
  PackagePath: ""
  Friction: 0.500000
  RollingFriction: 1.000000
  SpinningFriction: 1.000000
  DynamicBounciness: 1.050000
  StaticBounciness: 1.050000
