- !<Matter/69a6c55e-4052-4eca-b023-6012001037cf>
  PackagePath: ""
  Friction: 0.360000
  RollingFriction: 0.020000
  SpinningFriction: 0.020000
  DynamicBounciness: 0.840000
  StaticBounciness: 1.000000
